000132380890001292533200210100000006000000000000000000
000132380890001292534200210100000004000000000000000000
000132380890001292535200210100000004000000000000000000
000132380890001292536200210100000022400000000000000000
000132380890001292537200210100000012700000000000000000
000132380890001292538200210100000047391000000000000000
000132380890001292539200210100000167221000000000000000
000132380890001292540200210100000002971000000000000000
000132380890001292541200210100000013720000000000000000
000132380890001292542200210100000025792000000000000000
000132380890001292543200210100000013293000000000000000
000132380890001292544200210100000181251000000000000000
000132380890001292545200210100000002225000000000000000
000132380890001292546200210100000005735000000000000000
000132380890001292547200210100000127415000000000000000
000132380890001292548200210100000105173000000000000000
000132380890001292549200210100000056227000000000000000
000132380890001292550200210100000001433000000000000000
000132380890001292551200210100000002685000000000000000
000132380890001292552200210100000000286000000000000000
000132380890001292553200210100000033170000000000000000
000132380890001292554200210100000002214000000000000000
000132380890001292555200210100000040949000000000000000
000132380890001292556200210100000024113000000000000000
000132380890001292557200210100000052672000000000000000
000132380890001292558200210100000012787000000000000000
000132380890001292559200210100000052500000000000000000
000132380890001292560200210100000040500000000000000000
000132380890001292561200210100000053734000000000000000
000132380890001292562200210100000025000000000000000000
000132380890001292563200210100000004680000000000000000
000132380890001292564200210100000014172000000000000000
000132380890001292565200210100000000821000000000000000
000132380890001292566200210100000002727000000000000000
000132380890001292567200210100000015000000000000000000
000132380890001292568200210100000006090000000000000000
000132380890001292569200210100000005633000000000000000
000132380890001292570200210100000002775000000000000000
000132380890001292571200210100000003525000000000000000
000132380890001292572200210100000003700000000000000000
000132380890001292573200210100000000818000000000000000
000132380890001292574200210100000004344000000000000000
000132380890001292575200210100000002223000000000000000
000132380890001292576200210100000000185000000000000000
000132380890001292577200210100000003760000000000000000
000132380890001292578200210100000024300000000000000000
000132380890001292579200210100000014350000000000000000
000132380890001292580200210100000002234000000000000000
000132380890001292581200210100000008591000000000000000
000132380890001292582200210100000003513000000000000000
000132380890001292583200210100000009377000000000000000
000132380890001292584200210100000008304000000000000000
000132380890001292585200210100000001313000000000000000
000132380890001292586200210100000005853000000000000000
000132380890001292587200210100000026390000000000000000
000132380890001292588200210100000006359000000000000000
000132380890001292589200210100000000568000000000000000
000132380890001292590200210100000001207000000000000000
000132380890001292591200210100000000735000000000000000
000132380890001292592200210100000002281000000000000000
000132380890001292593200210100000000300000000000000000
000132380890001292594200210100000002188000000000000000
000132380890001292595200210100000005280000000000000000
000132380890001292596200210100000001520000000000000000
000132380890001292597200210100000008554000000000000000
000132380890001292598200210100000003800000000000000000
000132380890001292599200210100000001532000000000000000
000132380890001292600200210100000200000000000000000000
000132380890001292601200210100000168799000000000000000
000132380890001292602200210100000021500000000000000000
000132380890001292603200210100000012500000000000000000
000132380890001292604200210100000011500000000000000000
000132380890001292605200210100000037500000000000000000
000132380890001292606200210100000176460000000000000000
000132380890001292607200210100000004680000000000000000
000132380890001292608200210100000012832000000000000000
000132380890001292609200210100000000400000000000000000
000132380890001292610200210100000003561000000000000000
000132380890001292611200210100000001374000000000000000
000132380890001292612200210100000002175000000000000000
000132380890001292613200210100000046425000000000000000
000132380890001292614200210100000015605000000000000000
000132380890001292615200210100000007016000000000000000
000132380890001292616200210100000550000000000000000000
V00132380890001257765200106210000043873000000000000000
V00132380890001258242200106280000028209000000000000000
V00132380890001260091200107270000006774000000000000000
V00132380890001260092200107270000040494000000000000000
V00132380890001269976200112040000001049000000000000000
V00132380890001269977200112040000000476000000000000000
V00132380890001269978200112040000000734000000000000000
V00132380890001269979200112040000000768000000000000000
V00132380890001270009200112040000000178000000000000000
V00132380890001270010200112040000000123000000000000000
V00132380890001270011200112040000000236000000000000000
V00132380890001270845200112120000002810000000000000000
V00132380890001271258200112190000002000000000000000000
V00132380890001271524200112210000015627000000000000000
V00132380890001271872200112280000008326000000000000000
V00132380890001272382200201080000040474000000000000000
V00132380890001272504200201090000002754000000000000000
V00132380890001272540200201090000002754000000000000000
V00132380890001272568200201100000270423000000000000000
V00132380890001273025200201160000020143000000000000000
V00132380890001273159200201170000023100000000000000000
T00000262088600000000000000000000000000000000000000000
